60606 
60848 
63462 
65875 
68980 
75311 
77320 
83953 
86612 
88661 
89080 
91120 
91465 
105435 
105521 
109387 
110432 
112078 
112091 
120324 
120991 
124367 
127972 
131492 
135734 
137387 
138749 
142184 
142926 
142983 
148184 
149438 
149757 
157042 
158427 
162732 
164284 
167128 
173948 
174237 
175869 
178175 
183656 
183914 
184915 
185037 
187811 
189687 
191610 
192044 
193911 
194335 
198183 
200120 
201733 
203374 
203467 
205637 
18030 332 3.662 0.045 
27685 671 4.051 0.077 
26558 635 3.598 0.070 
20205 532 3.845 0.071 
25126 642 3.951 0.077 
16943 429 3.846 0.064 
19555 488 3.871 0.067 
15187 329 3.661 0.051 
16374 577 3.580 0.083 
21527 384 3.989 0.049 
11720 431 3.339 0.070 
11120 428 3.881 0.076 
17389 415 3.518 0.057 
22360 589 3.916 0.075 
16371 451 3.097 0.060 
13982 392 3.479 0.061 
20324 344 3.638 0.042 
16484 409 4.028 0.063 
20349 541 3.934 0.073 
22554 661 3.906 0.085 
22214 631 3.685 0.079 
17508 429 3.757 0.061 
19798 525 3.846 0.071 
18353 576 3.535 0.078 
12705 240 3.737 0.044 
22920 456 4.162 0.058 
14457 401 3.745 0.064 
21246 397 4.200 0.053 
12076 403 3.917 0.071 
17645 554 3.845 0.080 
28783 727 3.913 0.081 
28959 526 3.739 0.051 
26378 729 3.795 0.086 
21787 533 4.062 0.070 
18044 310 3.991 0.046 
13523 243 3.754 0.043 
21609 523 3.943 0.068 
17396 608 3.645 0.086 
22075 472 3.599 0.056 
17683 556 3.764 0.079 
12241 496 3.254 0.077 
18939 286 3.489 0.035 
12626 524 3.295 0.081 
13218 445 3.830 0.074 
27076 540 3.492 0.054 
12058 212 3.768 0.042 
18086 583 3.810 0.083 
18106 379 3.455 0.050 
18353 516 3.718 0.072 
12570 490 3.366 0.077 
12467 424 3.090 0.065 
22120 373 4.071 0.047 
13925 332 3.167 0.049 
21750 655 3.784 0.085 
16350 504 3.943 0.077 
24645 660 3.458 0.076 
17087 521 3.377 0.072 
17801 470 3.442 0.063 
273 14 
247 16 
440 29 
153 10 
145 09 
268 16 
345 22 
260 14 
185 13 
237 12 
240 16 
295 21 
266 16 
260 17 
120 07 
200 12 
400 21 
302 18 
210 14 
159 11 
70 04 
295 18 
310 20 
185 13 
278 14 
250 14 
340 21 
340 18 
336 22 
390 27 
144 10 
15 03 
340 25 
340 22 
290 15 
310 16 
280 17 
48 03 
140 08 
163 11 
175 12 
105 05 
270 20 
220 14 
229 13 
280 14 
245 17 
200 11 
300 20 
245 17 
160 10 
360 19 
125 07 
379 27 
340 23 
333 23 
153 10 
225 14 
19600 414 
28491 630 
30685 728 
20358 590 
25172 492 
18513 527 
21539 637 
16616 273 
17392 381 
22334 450 
13275 251 
12592 244 
19338 582 
23384 446 
17490 409 
15383 357 
24070 603 
18398 331 
21649 638 
22698 533 
22063 414 
19720 310 
21761 565 
19660 392 
14483 383 
23719 550 
16808 566 
22649 640 
13866 339 
20104 389 
28762 611 
28590 610 
28797 638 
23711 639 
19586 327 
15448 560 
22822 670 
17254 575 
22212 517 
18458 441 
13442 441 
18976 561 
14642 360 
14422 278 
28888 606 
13586 523 
19682 336 
19336 319 
20671 587 
14452 221 
13434 352 
24357 458 
14233 404 
24808 520 
18410 375 
27662 651 
18249 575 
19348 351 
3.783 0.055 
4.057 0.070 
3.835 0.077 
3.844 0.079 
3.945 0.056 
4.089 0.077 
4.015 0.085 
3.788 0.041 
3.790 0.055 
4.003 0.057 
3.581 0.043 
4.171 0.050 
3.704 0.079 
3.942 0.053 
3.124 0.052 
3.582 0.054 
3.950 0.074 
4.281 0.051 
3.944 0.084 
3.904 0.067 
3.679 0.049 
3.914 0.041 
3.969 0.074 
3.564 0.050 
4.005 0.064 
4.167 0.069 
3.932 0.084 
4.238 0.085 
4.188 0.061 
4.041 0.053 
3.908 0.065 
3.732 0.063 
4.047 0.070 
4.310 0.084 
4.232 0.047 
3.975 0.087 
3.978 0.087 
3.637 0.082 
3.606 0.062 
3.773 0.061 
3.474 0.069 
3.493 0.074 
3.551 0.056 
3.867 0.048 
3.528 0.060 
4.002 0.086 
3.849 0.044 
3.498 0.039 
3.983 0.079 
3.573 0.036 
3.194 0.053 
4.185 0.055 
3.195 0.059 
3.966 0.061 
4.176 0.056 
3.663 0.070 
3.404 0.077 
3.673 0.045 
285 16 
441 25 
256 16 
582 37 
514 31 
545 37 
163 11 
447 31 
152 08 
534 31 
283 19 
467 31 
349 25 
501 36 
276 14 
407 21 
206 12 
381 22 
243 14 
511 29 
245 13 
320 17 
310 16 
407 21 
285 20 
401 28 
263 14 
527 29 
128 07 
320 19 
209 12 
362 21 
419 28 
485 32 
327 17 
506 27 
221 15 
492 35 
166 10 
508 32 
75 04 
429 23 
318 16 
446 22 
326 21 
500 33 
195 11 
395 22 
282 17 
391 24 
251 16 
573 36 
345 24 
441 31 
342 24 
574 41 
338 20 
424 25 
407 22 
501 28 
151 09 
580 36 
15 03 
536 33 
352 22 
534 34 
348 24 
572 40 
305 15 
477 24 
321 23 
431 31 
287 21 
513 37 
55 03 
389 28 
150 09 
430 27 
173 10 
425 26 
182 12 
311 20 
111 07 
396 27 
284 16 
354 21 
228 12 
387 21 
244 15 
479 29 
287 20 
410 29 
258 13 
434 22 
212 11 
395 20 
318 22 
442 30 
248 12 
332 16 
168 10 
292 17 
363 20 
581 32 
133 08 
300 19 
387 23 
530 32 
357 20 
481 27 
342 22 
477 31 
165 11 
356 25 
238 12 
395 21 
58.2 3.6 
35.4 1.8 
90.0 1.0 
27.8 1.2 
22.2 1.2 
54.2 4.0 
68.7 3.6 
61.0 4.0 
43.3 4.2 
39.0 2.1 
70.8 3.0 
70.7 2.7 
67.3 3.7 
41.6 2.3 
33.4 1.1 
50.0 2.6 
85.4 0.3 
56.3 3.6 
36.0 1.9 
25.7 1.3 
13.0 0.5 
62.9 5.1 
57.8 3.8 
41.0 1.9 
68.7 4.0 
34.6 1.8 
79.7 3.8 
51.5 2.4 
73.8 2.0 
67.4 3.7 
20.0 0.9 
2.3 0.1 
60.7 3.3 
53.1 3.7 
51.3 3.2 
72.9 2.6 
48.0 2.4 
10.6 0.3 
27.3 1.1 
33.2 1.5 
52.0 2.1 
22.4 1.1 
76.7 4.9 
48.7 2.3 
41.1 2.5 
68.4 3.6 
48.9 2.4 
46.6 2.3 
63.7 3.9 
71.1 3.1 
49.1 2.0 
57.6 3.9 
35.6 1.5 
73.2 3.2 
68.4 4.8 
70.7 3.7 
38.2 1.4 
54.7 2.7 
