206773
208057
208682
209014
209409
209522
210129
212076
212571
214168
214748
217050
217543
217675
217891
224544
224559
224686
29154 746 3.885 0.083
17974 396 3.675 0.055
22114 652 3.977 0.086
12016 408 3.155 0.064
12942 402 3.701 0.067
16581 408 3.704 0.060
13515 240 3.421 0.040
19270 326 3.726 0.043
26061 736 3.915 0.088
25827 434 4.200 0.049
11966 356 3.375 0.059
17893 509 3.571 0.070
17237 584 3.685 0.083
14052 439 3.229 0.065
14359 295 3.672 0.048
14799 279 3.364 0.042
15914 329 3.597 0.049
11286 218 3.671 0.044
390 28
100 05
307 22
320 21
280 18
275 16
130 06
98 05
230 17
300 16
200 12
340 22
325 24
274 19
95 05
260 14
300 16
290 16
31800 547
17977 510
23814 617
14694 509
14562 514
18507 279
14127 444
19236 419
27574 645
27647 688
13294 437
20723 612
19569 366
16741 469
14376 449
16557 460
18338 412
12800 281
4.143 0.052 
3.672 0.071 
4.019 0.077 
3.571 0.077 
3.978 0.082 
3.886 0.039 
3.439 0.068 
3.721 0.056 
3.926 0.072 
4.211 0.081 
3.606 0.070 
3.871 0.082 
3.933 0.050 
3.460 0.066 
3.668 0.070 
3.560 0.066 
3.809 0.058 
3.948 0.052 
399 21 
110 07 
314 21 
357 21 
282 20 
299 14 
140 09 
103 06 
233 15 
305 21 
205 13 
355 25 
335 18 
289 17 
100 06 
270 17 
312 18 
300 16 
617 33
391 26
525 36
343 24
391 27
430 21
326 21
439 26
558 37
619 43
317 21
443 31
440 24
343 22
367 24
373 24
427 25
380 21
62.1 3.6
20.6 0.9
53.3 2.9
90.0 1.0
69.9 3.4
66.6 4.3
33.8 1.4
18.6 0.9
33.6 1.7
40.0 1.7
56.9 2.6
78.5 2.1
74.9 3.9
90.0 1.0
20.7 1.0
72.8 2.6
75.8 3.7
76.1 2.7
