144 
4180 
5394 
6811 
10516 
11606 
18552 
19243 
20336 
22192 
22780 
23016 
23302 
23480 
23552 
23630 
23862 
24534 
25940 
28497 
30076 
32343 
33328 
35411 
35439 
36576 
37202 
37657 
37795 
37967 
38010 
40978 
41335 
42545 
44458 
45314 
45542 
45725 
45910 
45995 
47054 
48917 
50013 
50083 
53974 
54309 
56014 
56139 
57219 
58050 
58343 
58715 
58978 
11956 324 3.383 0.055 
14438 272 3.284 0.041 
26431 618 3.800 0.070 
12478 444 3.092 0.068 
25556 659 3.899 0.078 
19484 297 3.653 0.037 
12715 284 3.456 0.048 
21243 388 3.270 0.043 
18684 517 3.865 0.072 
15767 509 3.465 0.074 
13299 284 3.381 0.046 
12230 241 3.922 0.047 
12754 504 3.368 0.078 
13691 481 3.629 0.076 
12711 416 3.764 0.070 
12258 505 3.047 0.076 
12106 272 3.937 0.052 
25191 513 3.618 0.056 
16158 582 3.572 0.084 
26724 427 4.200 0.046 
20488 330 3.772 0.041 
16131 514 3.798 0.077 
21137 599 3.447 0.075 
23652 510 3.711 0.059 
22134 665 3.920 0.087 
22618 508 3.804 0.062 
19310 550 3.732 0.075 
17951 542 3.659 0.076 
12963 203 3.517 0.036 
16543 264 3.850 0.041 
25826 448 4.089 0.050 
18227 571 3.576 0.078 
20902 610 3.886 0.081 
15764 334 3.849 0.053 
22914 532 3.600 0.063 
29160 467 3.949 0.044 
13711 526 3.627 0.082 
17810 455 3.895 0.066 
20659 484 2.739 0.052 
21198 632 3.769 0.083 
12336 481 3.538 0.078 
20341 435 3.395 0.053 
24627 590 4.017 0.072 
20908 604 3.678 0.078 
27808 759 3.650 0.085 
20859 397 3.587 0.048 
18544 614 3.287 0.081 
19537 331 3.615 0.042 
19865 575 3.874 0.078 
19961 465 3.934 0.063 
16531 409 3.619 0.059 
11772 344 3.811 0.062 
24445 476 4.153 0.057 
125 07 
195 10 
432 28 
85 05 
440 30 
280 14 
286 16 
160 08 
328 21 
275 19 
285 15 
235 12 
170 12 
240 16 
220 14 
140 10 
286 16 
293 17 
197 14 
335 17 
213 11 
95 06 
318 22 
170 10 
263 19 
265 16 
310 7 
198 13 
180 09 
210 10 
370 20 
200 14 
358 25 
285 16 
242 15 
285 14 
217 15 
330 20 
240 14 
255 18 
219 15 
205 12 
243 15 
170 12 
100 17 
195 10 
280 20 
85 04 
80 05 
130 08 
43 02 
230 14 
370 21 
12206 414 
15584 426 
30001 624 
12578 481 
29031 751 
21422 439 
14646 244 
22752 409 
20843 558 
17690 299 
15686 443 
13420 249 
13484 293 
14828 402 
13708 239 
12885 292 
13436 257 
26831 699 
17593 338 
28101 738 
21311 397 
16121 430 
24340 644 
25138 441 
23547 364 
24502 399 
21460 420 
19275 301 
13695 437 
17558 589 
28015 555 
19605 550 
23431 639 
17522 309 
24745 667 
31092 557 
14651 229 
19601 459 
22983 471 
22674 423 
13292 355 
21348 569 
25790 713 
21216 625 
27624 577 
22235 543 
21061 453 
19465 300 
19759 486 
19998 590 
16389 437 
12769 395 
26622 717 
3.403 0.067 
3.399 0.062 
3.990 0.065 
3.110 0.073 
4.168 0.087 
3.774 0.055 
3.776 0.041 
3.297 0.043 
4.050 0.076 
3.763 0.042 
3.572 0.066 
4.012 0.047 
3.412 0.047 
3.792 0.064 
3.807 0.043 
3.095 0.045 
4.197 0.050 
3.854 0.081 
3.789 0.049 
4.222 0.088 
3.792 0.049 
3.790 0.065 
3.608 0.076 
3.719 0.046 
3.948 0.041 
3.839 0.043 
3.910 0.060 
3.686 0.039 
3.559 0.069 
3.873 0.085 
4.194 0.061 
3.608 0.073 
4.076 0.082 
3.976 0.046 
3.640 0.079 
3.968 0.053 
3.682 0.038 
4.168 0.065 
2.992 0.048 
3.806 0.050 
3.607 0.058 
3.438 0.070 
4.026 0.087 
3.689 0.081 
3.649 0.060 
3.610 0.066 
3.514 0.055 
3.612 0.037 
3.862 0.066 
3.926 0.081 
3.611 0.063 
3.858 0.068 
4.203 0.088 
132 08 
309 20 
208 13 
332 21 
441 27 
577 36 
93 06 
274 19 
462 33 
590 42 
286 16 
446 26 
292 14 
369 19 
165 09 
387 21 
341 23 
487 32 
295 15 
397 20 
297 18 
366 23 
242 12 
410 21 
181 10 
320 18 
254 15 
391 24 
230 12 
387 20 
149 08 
274 15 
290 15 
420 22 
294 20 
480 34 
220 13 
386 21 
342 24 
631 45 
225 12 
456 25 
103 06 
410 26 
333 23 
440 30 
174 09 
484 26 
266 13 
513 26 
266 13 
487 25 
326 7 
466 13 
209 10 
427 21 
192 12 
355 23 
228 16 
455 33 
377 22 
608 36 
211 14 
401 27 
376 26 
520 36 
303 16 
460 24 
254 18 
449 31 
291 16 
594 33 
226 11 
369 18 
345 21 
486 30 
254 14 
342 20 
260 14 
470 26 
227 13 
351 21 
212 14 
389 26 
244 17 
535 39 
176 12 
452 32 
107 06 
490 30 
201 13 
425 27 
290 17 
389 23 
89 04 
403 20 
84 05 
443 28 
136 09 
481 34 
49 03 
377 24 
231 14 
380 24 
375 26 
615 44 
33.9 1.2 
55.7 3.2 
76.4 2.7 
26.5 1.0 
72.5 3.9 
58.2 3.5 
75.2 5.0 
36.2 1.3 
66.7 4.0 
75.0 3.1 
90.0 1.0 
48.7 2.6 
46.8 1.6 
57.3 3.3 
52.0 2.2 
44.6 1.6 
65.3 3.9 
54.7 2.6 
38.3 4.5 
45.4 2.0 
38.4 1.7 
19.7 0.8 
73.0 2.4 
29.0 1.3 
42.2 2.3 
46.3 2.2 
66.0 4.1 
41.9 1.9 
44.9 2.1 
42.1 2.1 
53.0 3.4 
43.3 1.9 
68.5 3.8 
60.1 4.0 
48.0 2.1 
40.6 1.9 
52.5 2.6 
66.6 3.9 
76.5 3.5 
46.8 2.1 
57.2 2.2 
45.4 2.0 
37.3 1.9 
32.5 1.4 
16.5 0.6 
38.4 1.5 
72.6 4.2 
16.6 0.7 
14.3 0.7 
21.9 1.2 
9.7 0.3 
54.5 2.9 
55.2 3.0 
