   144 92/09/07 0.06451 1.95034  1.08871  0.412 0.601                                                        
  4180 92/09/03 0.05761 2.02832  2.29823  0.489 0.353 162.33 273.25 0.111  0.042 35.462-44.471 0.4188  
  5394 92/09/05 0.05545 2.42807  8.27086  0.959 0.114 181.56 298.08 0.199  0.106 36.434-44.673 0.8184  
  5394 99/09/16 0.09358 2.10613  7.16334  1.528 0.130 179.68 318.52 0.165  0.105 35.405-46.441 0.7683  
  6811 92/09/03 0.08622 1.97271  1.21780  0.458 0.560 121.95 173.45 0.026 -0.002 38.388-42.037        0.0486 -0.0003
  9612 99/09/15 0.02886 2.21020  1.35619  0.321 0.522                                                        
 10144 91/08/26 0.09391 2.14650  1.61163  0.574 0.462                                                        
 10516 92/09/03 0.03693 2.43503  3.98589  0.494 0.222 229.96 376.05 0.194  0.035 34.622-45.707 0.8804  
 11606 99/09/26 0.01500 2.79581  5.36947  0.935 0.170 312.46 586.88 0.064 -0.007 34.037-46.940        0.3673 -0.0046
 18552 92/09/05 0.02907 2.20704  1.70176  0.419 0.444 254.73 355.00 0.047 -0.032 34.627-44.671        0.1581 -0.0317
 19243 99/09/27 0.01936 2.77570  7.35110  0.997 0.127 117.14 231.56 0.177  0.119 36.380-45.215 0.6283  
 20336 92/09/03 0.02355 2.41941  3.60870  0.514 0.242 286.77 392.28 0.037 -0.024 36.499-44.098        0.1045 -0.0389
 22192 92/09/05 0.09410 1.94324  2.31319  0.648 0.351 194.83 322.01 0.148 -0.259 36.734-44.256        0.5140 -0.1068
 22192 95/02/06 0.12141 1.87685  2.15660  0.557 0.371 182.14 323.49 0.172 -0.117 36.726-44.204        0.5757 -0.0472
 22192 99/09/16 0.09616 1.89058  2.37563  0.549 0.344 179.68 302.19 0.143 -0.268 36.701-43.835        0.4518 -0.1281
 22780 92/09/05 0.01773 2.38900  1.86757  0.541 0.415 322.01 419.43 0.020 -0.053 35.037-45.615        0.0659 -0.1010
 23016 91/08/28 0.04593 2.03105  1.23335  0.624 0.556                                                        
 23302 91/08/27 0.07889 2.00411  1.19616  0.565 0.567                                                        
 23480 91/08/28 0.03084 2.35020  2.00438  0.549 0.393 268.00 330.27 0.031 -0.062 36.924-44.606        0.0680 -0.0873
 23480 92/01/19 0.02235 2.52322  2.09255  0.521 0.380 281.52 327.54 0.024 -0.076 37.780-43.424        0.0353 -0.1261
 23552 92/09/08 0.03409 2.26934  1.59239  0.235 0.466 211.69 306.40 0.033 -0.014 37.635-43.563        0.0724 -0.0121
 23630 91/08/28 0.05751 2.26753  1.44437  0.526 0.500 194.91 243.64 0.027 -0.022 38.177-42.724        0.0471 -0.0192
 23630 92/01/19 0.06654 2.18464  1.40292  0.499 0.510 181.37 257.16 0.026 -0.019 38.291-42.994        0.0519 -0.0147
 23862 91/08/27 0.04287 2.09182  1.71790  0.670 0.441 176.10 265.50 0.122  0.011 36.280-44.046 0.4106  
 23862 92/01/20 0.02169 2.38401  1.94915  0.756 0.401 194.78        0.092 -0.014 37.262-40.591        0.2791 -0.0066
 23862 92/09/03 0.01912 2.37048  2.01447  0.890 0.391 186.99        0.094 -0.009 39.963-44.043        0.2780 -0.0035
 23862 99/09/16 0.05074 2.00258  1.35927  0.654 0.521 144.29 326.70 0.268  0.226 35.319-47.420 1.3927  
 24534 99/09/21 0.09105 2.77372 15.62562  0.721 0.062 204.16 315.76 0.073  0.024 36.671-43.883 0.2537  
 25940 95/02/06 0.06206 2.10340  1.84519  0.479 0.418  97.93 212.19 0.124  0.097 37.376-43.048 0.3822  
 25940 99/09/16 0.09064 1.86678  1.81098  0.520 0.424  87.12 209.63 0.131  0.106 37.860-43.103 0.3952  
 28497 90/02/03 0.04767 1.96905  2.61885  1.069 0.317 308.45 465.38 0.107  0.032 36.634-47.407 0.5430  
 28497 91/08/26 0.09264 2.08184  2.34847  1.112 0.347 148.97 384.60 0.068  0.057 37.373-46.157 0.3831  
 28497 92/01/17 0.08219 2.18572  2.39218  1.128 0.342 232.82 332.98 0.044  0.029 37.957-46.854 0.2120  
 28497 96/09/21 0.15847 1.84701  2.75421  1.751 0.304                                                        
 30076 90/02/04 0.15782 1.78787  2.79471  0.809 0.301 219.38 352.10 0.087  0.041 37.361-44.145 0.3660  
 30076 92/01/18 0.17107 2.03340  4.05609  1.197 0.219 192.30 303.34 0.104  0.031 37.525-44.544 0.3828  
 30076 96/09/21 0.03747 2.83062  4.57617  1.001 0.196 196.33 286.32 0.081  0.011 37.405-43.643 0.2513  
 32343 95/02/06 0.06550 2.00749  1.71840  0.327 0.441        144.24 0.358        37.634-42.795 0.7537  
 33328 90/02/04 0.08458 2.08639  2.06037  0.437 0.385                                                        
 33328 92/01/16 0.10257 2.20143  2.22119  0.865 0.363                                                        
 33328 96/09/21 0.18328 1.87394  2.10418  1.205 0.378                                                        
 35411 92/01/16 0.11084 2.10327  2.18838  0.668 0.367                                                        
 35439 92/01/19 0.00048 3.99103  6.45472  1.345 0.144                                                        
 36576 95/02/06 0.17508 1.87888  4.14190  0.939 0.215 225.63 375.15 0.072  0.034 37.141-45.170 0.3354  
 37202 92/01/19 0.08453 2.44874  3.48737  0.705 0.249 297.77 341.09 0.052 -0.686 37.998-42.858        0.0677 -1.0421
 37202 92/09/05 0.29596 1.86328  2.49626  0.395 0.330 279.19 346.95 0.105 -0.562 37.528-43.964        0.2694 -0.5902
 37202 94/11/12 0.25993 1.57485  3.74414  1.749 0.234 275.96 311.13 0.050 -0.270 38.265-43.788        0.0997 -0.3146
 37202 95/02/06 0.03202 2.81346  4.57758  1.000 0.196 364.53        0.046 -0.143 34.847-43.788        0.1199 -0.2141
 37202 99/09/16 0.12156 2.15526  3.16220  1.486 0.271 310.37 378.43 0.045 -0.140 36.866-44.552        0.1040 -0.1818
 37490 90/02/03 0.01570 2.67894  4.42817  0.826 0.202 276.34 476.82 0.057 -0.093 36.397-44.987        0.2088 -0.1385
 37490 92/01/18 0.05489 2.54512  3.69115  0.939 0.237 241.05 425.22 0.096 -0.039 36.281-45.614        0.3757 -0.0401
 37795 92/01/16 0.04860 2.17485  1.37740  0.893 0.516 187.02 292.72 0.052  0.017 36.748-44.910 0.1843  
 41335 90/02/04 0.08213 1.99325  2.36638  0.957 0.345 210.99 394.92 0.217  0.145 36.909-47.914 1.2271  
 41335 92/01/17 0.14209 1.89856  2.79961  0.554 0.300 205.75 379.01 0.209  0.131 35.713-46.335 1.1224  
 41335 92/01/20 0.27257 1.75397  1.14612  0.818 0.582        338.18 0.449        35.689-46.931 2.2859  
 41335 95/02/06 0.08560 1.84747  3.70077  0.587 0.237 214.76 252.32 0.120  0.061 36.682-46.128 0.6083  
 41335 96/03/06 0.35645 1.47956  1.48340  1.228 0.490 118.97 359.60 0.310  0.263 36.282-46.812 1.6350  
 44458 90/02/02 0.07931 2.01336  3.89347  0.820 0.227 176.01 325.36 0.176  0.083 34.910-44.640 0.7919  
 44458 92/01/18 0.00276 3.57168  9.36162  1.067 0.101 208.56 300.64 0.101  0.000 37.138-44.471 0.3198  
 45725 90/02/06 0.04961 1.90654  2.42320  0.803 0.338 238.20 368.13 0.099 -0.276 37.122-41.394        0.3421 -0.1569
 45725 92/01/16 0.09470 1.96078  2.95444  1.288 0.287 235.50 362.73 0.125 -0.187 36.941-44.466        0.4472 -0.1015
 45725 96/03/08 0.17940 1.70156  2.00309  1.066 0.393 209.17 364.01 0.174 -0.082 36.349-41.069        0.7136 -0.0318
 45995 95/02/06 0.16531 1.79144  4.10117  1.045 0.216 233.98 348.24 0.082  0.019 37.272-45.032 0.3178  
 47054 90/02/04 0.03147 2.27633  1.42392  0.817 0.505 213.97 325.02 0.031 -0.016 37.666-41.431        0.0859 -0.0110
 47054 92/01/18 0.02653 2.34538  1.48868  0.857 0.489 235.64 341.27 0.027 -0.027 37.387-41.740        0.0740 -0.0264
 47054 96/03/08 0.07310 1.80631  1.26557  0.974 0.546 173.85 306.96 0.060  0.038 37.763-44.921 0.2372  
 48917 90/02/03 0.00389 3.24462  5.08567  0.972 0.179 238.42 368.47 0.058 -0.032 36.425-41.642        0.2536 -0.0300
 48917 92/01/19 0.05002 2.34342  5.48153  1.697 0.167 219.28 349.22 0.080 -0.011 36.296-47.075        0.3137 -0.0039
 48917 96/03/08 0.02694 2.59895  4.75994  1.890 0.190 218.12 329.91 0.125  0.037 35.836-47.442 0.6047  
 50013 90/02/02 0.01442 2.47805  4.79698  0.878 0.188 148.95 223.43 0.121  0.044 38.334-44.226 0.3730  
 50013 92/01/15 0.97188 1.10083  2.44733  0.988 0.334  59.57 241.00 0.283  0.243 37.636-44.262 0.9442  
 54309 90/02/06 0.16832 1.52230  1.92520  0.833 0.405 171.20 291.58 0.168  0.091 37.627-44.018 0.6057  
 54309 92/01/15 0.29435 1.54269  4.12431  0.935 0.215 186.84 305.99 0.063  0.008 37.768-43.805 0.2142  
 56014 92/01/20 0.26267 1.87520  1.15329  0.960 0.580                                                        
 56014 96/03/08 0.17610 2.17900  2.29111  0.931 0.354                                                        
 56139 90/02/03 0.15732 1.86973  1.43011  0.923 0.503  67.65 151.53 0.249  0.188 39.135-42.544 0.5279  
 56139 92/01/15 0.15868 1.91360  1.47114  0.883 0.493  86.65 157.06 0.147  0.103 39.234-42.410 0.3049  
 57219 90/02/06 0.17605 1.49296  1.16181  0.568 0.577                                                        
 57219 92/01/19 0.08308 1.98876  1.56998  0.655 0.471                                                        
 58050 95/02/06 0.07764 2.08970  2.07584  0.907 0.382 117.02 244.93 0.225  0.184 37.713-44.136 0.7868  
 58050 96/02/21 0.03592 2.45228  4.29709  1.109 0.208 116.97 223.07 0.113  0.085 37.556-44.015 0.3570  
 58343 90/02/04 0.11580 1.92915  1.86312  0.433 0.415         81.15 0.198        38.075-41.757 0.2562  
 58343 92/01/19 0.04952 2.35890  2.16816  0.369 0.369         97.46 0.386        37.982-42.176 0.5369  
 58978 90/02/06 0.00606 2.70402  4.92031  1.349 0.184 389.29        0.038 -0.455 36.476-45.204        0.1457 -0.4715
 58978 92/01/17 0.23562 1.65590  4.90591  2.339 0.184 376.32 484.62 0.045 -0.050 35.997-46.659        0.1517 -0.1027
 60606 90/02/06 0.05307 2.12874  2.97507  0.495 0.286 194.90 322.13 0.107 -0.025 36.915-44.166        0.3644 -0.0130
 60606 92/01/20 0.05969 2.35384  3.30614  0.531 0.261 200.21 324.67 0.163  0.008 36.947-44.351 0.5852  
 63462 90/02/02 0.10892 1.69344  3.76322  0.754 0.233 253.03 474.09 0.123  0.095 35.039-46.530 0.7983  
 63462 92/01/16 0.02680 2.63347  6.13664  0.770 0.150 323.77 492.46 0.103  0.045 33.671-45.883 0.6331  
 66194 90/02/07 0.05627 1.98298  2.54021  0.682 0.325 311.53 409.05 0.042 -0.037 36.623-43.957        0.1176 -0.0540
 66194 92/01/20 0.04777 2.45380  2.73951  1.186 0.306 267.85 465.36 0.110  0.031 35.778-47.608 0.5740  
 68980 90/02/03 0.00819 2.84367  4.18982  0.716 0.212        170.47 0.519        32.526-48.628 1.4900  
 68980 92/01/15 0.13869 1.89352  4.05436  1.491 0.219  56.87 167.89 0.589  0.480 36.413-44.686 1.6328  
 75311 90/02/03 0.04094 2.19389  2.18875  0.835 0.367 411.23 476.59 0.019 -0.038 36.935-45.885        0.0344 -0.1047
 75311 92/01/17 0.04824 2.36454  1.83980  0.703 0.419                                                        
 77320 90/02/07 0.03751 2.19462  2.95039  0.796 0.288 367.93 459.92 0.024 -0.072 36.943-45.090        0.0554 -0.1497
 77320 92/01/18 0.07369 2.20035  2.95996  0.675 0.287 343.57 481.53 0.047 -0.028 36.448-47.180        0.1683 -0.0401
 83953 90/02/02 0.01879 2.45089  2.20050  0.756 0.365 309.57 367.77 0.037 -0.053 37.070-44.195        0.0814 -0.0888
 83953 92/01/17 0.01629 2.60821  2.22096  0.657 0.363 289.70 389.88 0.043 -0.058 37.037-45.504        0.1070 -0.1013
 86612 90/02/03 0.03411 2.11611  2.16621  0.842 0.370 146.13 276.01 0.173  0.126 35.651-47.052 0.7590  
 86612 92/01/15 0.09550 1.73858  1.39728  0.826 0.511 121.71 267.76 0.293  0.235 36.130-45.372 1.2825  
 88661 90/02/06 0.05711 2.27491  2.36254  0.715 0.345 166.09 337.44 0.292  0.208 34.213-47.000 1.5633  
 88661 92/01/17 0.12657 1.91813  2.98446  0.809 0.285 159.74 303.24 0.271  0.185 35.168-46.653 1.3532  
 88661 96/03/06 0.12419 1.87018  4.33138  1.941 0.206 166.09 294.06 0.155  0.072 36.335-45.047 0.5743  
 89080 92/01/20 0.04407 2.27057  1.37924  0.575 0.516 246.21 370.67 0.042 -0.047 37.143-45.369        0.1409 -0.0379
 91120 90/02/04 0.03303 2.03706  1.08961  0.755 0.601 277.38 437.82 0.023 -0.011 37.322-47.755        0.1084 -0.0045
 91120 92/01/18 0.03404 2.05525  1.15616  0.713 0.579 329.00 410.57 0.016 -0.023 37.522-44.765        0.0432 -0.0285
 91465 90/02/02 0.19508 1.60141  1.84539  0.779 0.418 184.97 332.94 0.154  0.066 37.175-44.865 0.6576  
 91465 92/01/15 0.14569 1.87033  2.33449  0.439 0.348 224.77 357.46 0.120  0.038 36.533-44.806 0.5106  
 91465 96/03/06 0.14359 1.80363  3.38437  0.818 0.256 209.66 318.57 0.069 -0.016 37.504-44.127        0.2062 -0.0084
105435 90/02/03 0.05785 1.98846  3.00798  0.612 0.283 139.99 266.53 0.256  0.172 35.531-44.457 0.9673  
105435 91/08/27 0.08109 2.05909  3.42797  0.871 0.253 154.28 270.67 0.233  0.183 37.577-45.179 0.9223  
105435 92/01/15 0.11196 1.96747  3.13552  0.553 0.273 116.30 273.17 0.242  0.213 37.261-45.054 0.9702  
105435 96/03/06 0.08304 2.02612  3.64159  0.778 0.240 130.72 264.16 0.218  0.142 37.170-45.884 0.8422  
105521 96/03/06 0.03679 2.71102  2.34907  0.477 0.347 244.23 312.07 0.046 -0.068 37.612-43.073        0.0904 -0.0969
109387 95/02/07 0.05000 2.21459  1.73278  0.348 0.439 209.50 375.47 0.080  0.010 36.130-44.324 0.3307  
109387 96/02/21 0.07155 2.00938  1.71658  0.317 0.441 236.68 369.98 0.071  0.017 36.393-44.192 0.2942  
110432 90/02/02 0.00029 4.24830  9.18825  1.389 0.103 174.40 317.09 0.263  0.155 35.233-45.409 1.1730  
110432 92/01/18 0.05168 2.08187  8.11874  2.264 0.116 165.02 311.11 0.266  0.179 35.977-45.299 1.1666  
112078 90/02/07 0.05240 1.93452  1.40812  0.635 0.508                                                        
112078 91/08/30 0.03211 2.26806  1.65790  0.620 0.453                                                        
112078 92/01/18 0.02543 2.37608  1.71607  0.720 0.442                                                        
112091 90/02/02 0.01825 2.44444  1.68247  0.773 0.448 151.02 304.69 0.107  0.045 35.390-44.634 0.4486  
113120 90/02/07 0.02370 2.41969  4.45596  0.410 0.201 216.44 332.78 0.154  0.094 35.959-46.026 0.7192  
113120 92/01/20 0.32153 1.43989  4.28450  1.576 0.208 205.89 303.42 0.199  0.085 38.172-46.331 0.7980  
120324 90/02/02 0.08503 1.95442  1.83730  0.652 0.420                                                        
120324 91/08/26 0.13875 1.88966  1.61733  0.632 0.461                                                        
120324 92/01/15 0.13628 1.89644  1.65222  0.537 0.454                                                        
124367 90/02/04 0.02514 2.27135  2.42938  0.614 0.337 203.16 322.35 0.114  0.025 36.113-44.427 0.4289  
124367 91/08/27 0.03234 2.13976  2.38457  0.872 0.343 211.38 325.20 0.106  0.024 37.142-44.676 0.3998  
124367 92/01/19 0.03123 2.08578  2.41283  0.627 0.339 186.81 311.35 0.100  0.011 36.576-44.102 0.3580  
127972 90/02/05 0.01494 2.43476  3.21335  0.392 0.267                                                        
127972 91/08/27 0.10960 2.14225  2.48899  0.338 0.331                                                        
127972 96/03/08 0.08502 2.01416  2.05987  0.788 0.385                                                        
131492 90/02/06 0.05714 2.19068  2.90862  0.642 0.291 293.91 470.80 0.057  0.009 36.885-46.814 0.3137  
131492 91/08/28 0.08706 2.00103  3.05506  0.965 0.279 297.98 414.46 0.067  0.019 36.010-45.070 0.3233  
131492 92/01/19 0.06119 2.13907  3.85398  0.816 0.229 219.30 335.71 0.074  0.036 36.742-44.229 0.3415  
134481 91/08/27 0.00341 2.77986  1.40722  0.365 0.509                                                        
135734 90/02/07 0.03180 1.98588  1.22446  0.645 0.558 288.67 210.09 0.023 -0.047 37.438-44.693        0.0637 -0.0505
135734 91/08/28 0.02520 2.13668  1.36783  0.485 0.519 298.10 411.92 0.014 -0.061 35.018-41.962        0.0425 -0.0982
135734 92/01/20 0.01944 2.27359  1.43183  0.491 0.503 311.16 487.03 0.010 -0.066 33.269-44.787        0.0409 -0.1217
137387 90/02/07 0.08528 1.92357  2.69663  1.294 0.310                     -0.114 35.233-44.762        0.0267 -0.3290
137387 91/08/29 0.07781 2.40250  2.30896  0.829 0.352 352.16 425.30 0.017 -0.175 37.459-44.480        0.0271 -0.2585
137387 92/01/20 0.30917 1.71647  1.73618  0.680 0.438        130.03 0.041        38.896-42.661 0.0827  
142184 91/08/30 0.05807 2.16982  1.65986  0.400 0.453                                                        
142983 90/02/04 0.01660 2.84817  2.37082  0.113 0.344 324.65 403.10 0.064 -0.618 35.976-43.614        0.1472 -0.8981
142983 91/08/25 0.01173 2.96589  3.03735  0.329 0.281                     -0.700 38.475-43.018        0.0140 -1.1521
142983 91/08/31 0.02839 2.52992  3.00767  0.268 0.283                     -0.693 38.496-43.161        0.0147 -1.1436
142983 92/01/19 0.02837 2.58974  2.87865  0.176 0.293 295.11        0.035 -0.688 38.321-42.985        0.0321 -1.0260
148184 90/02/06 0.02954 2.37113  3.57519  0.643 0.244  78.41 183.85 0.432  0.389 32.666-48.441 1.4563  
148184 91/08/29 0.08860 1.99262  4.45974  0.949 0.201        165.24 0.500        33.797-47.602 1.4253  
148184 92/01/18 0.02322 2.39226  4.99970  0.788 0.181  65.01 170.65 0.516  0.488 34.404-48.562 1.6521  
149757 90/02/06 0.11705 2.06343  3.09433  0.584 0.276                                                        
149757 91/08/29 0.06348 2.53686  3.45201  0.418 0.252                                                        
149757 92/01/20 0.03769 2.89813  3.64646  0.650 0.240                                                        
157042 91/08/30 0.03108 2.44543  3.85361  0.177 0.229 273.68 401.03 0.080 -0.009 35.573-43.929        0.2923 -0.0037
158427 91/08/30 0.07889 1.89215  2.64700  0.318 0.315 246.27 368.06 0.106  0.022 35.642-44.458 0.4472  
158643 91/08/30 0.02239 2.23385  1.10932  0.097 0.594                                                        
164284 91/08/26 0.06334 2.12832  1.98065  0.253 0.396 143.53 276.22 0.413  0.250 33.507-43.662 1.6786  
164284 92/09/02 0.03022 2.47330  2.62249  0.252 0.317 135.37 311.34 0.329  0.210 35.344-46.280 1.4774  
164284 96/09/22 0.01641 2.60576  3.20606  1.109 0.268 176.78 318.20 0.150  0.056 35.717-43.790 0.5800  
164284 97/09/14 0.01590 2.67993  2.93827  0.810 0.289 182.37 329.36 0.168  0.076 35.859-47.327 0.7306  
167128 91/08/29 0.12511 2.03002  2.37910  0.684 0.343 235.67 311.52 0.036 -0.126 37.527-43.528        0.0790 -0.1624
173948 91/08/26 0.19145 1.97598  2.65023  0.779 0.314 338.08 435.45 0.069 -0.032 36.950-44.351        0.1996 -0.0565
174237 92/09/04 0.19529 1.82007  1.61983  0.879 0.461        135.32 0.040        38.621-42.226 0.0740  
175869 91/08/29 0.04661 2.15752  1.23278  0.388 0.556                                                        
178175 91/08/26 0.19462 1.91820  1.57923  0.226 0.469 138.11 211.23 0.053  0.020 37.832-41.753 0.1293  
183656 91/08/28 0.06795 2.15360  1.72445  0.104 0.440 303.15 403.29 0.034 -0.537 36.514-43.019        0.0676 -0.6327
183656 92/09/07 0.03801 2.53530  1.90242  0.338 0.409 311.69 379.44 0.022 -0.534 36.378-43.285        0.0337 -0.6765
183914 92/09/06 0.03816 2.03252  1.23969  0.120 0.554 254.84 357.86 0.016 -0.004 35.951-43.173        0.0493 -0.0021
184279 91/08/27 0.13824 2.03442  4.24217  1.064 0.210 455.08        0.044 -0.268 38.703-44.743        0.0898 -0.5420
185037 92/09/04 0.01473 2.47884  1.51553  0.155 0.483 355.02 430.91 0.013 -0.037 36.633-45.108        0.0295 -0.0689
187811 92/09/06 0.02509 2.42582  2.90522  0.205 0.291 573.97 666.46 0.009 -0.104 35.145-45.818        0.0317 -0.3784
189687 92/09/04 0.10038 2.06785  2.31165  0.621 0.351                                                        
191610 92/09/04 0.01406 2.86812  3.66733  0.204 0.239 311.30 416.87 0.031 -0.075 35.874-44.535        0.0879 -0.1309
192044 92/09/06 0.02726 2.41117  1.75829  0.211 0.434 219.22 319.36 0.034 -0.022 37.135-44.228        0.0941 -0.0193
193911 92/09/07 0.06224 2.17537  1.56509  0.412 0.472 181.60 243.94 0.050  0.001 37.679-43.526 0.1296  
198183 92/09/07 0.03023 2.33478  1.73993  0.048 0.437                                                        
200120 92/09/02 0.05116 1.97715  3.98490  0.941 0.222 316.81 571.35 0.058  0.025 33.697-47.183 0.4247  
201733 99/09/15 0.04415 2.22415  2.58515  0.817 0.321                                                        
202904 92/09/02 0.04540 2.20769  3.64548  0.240 0.240 135.34 246.32 0.145  0.092 37.164-43.748 0.4701  
203467 92/09/02 0.05615 2.46496  2.38567  0.169 0.342 181.36 259.86 0.046 -0.018 37.020-43.643        0.1096 -0.0118
204860 99/09/20 0.03789 2.51219  2.71121  0.580 0.309                                                        
205637 91/08/26 0.04034 2.63747  3.47960  0.355 0.250                                                        
205637 91/08/31 0.03113 2.77429  3.78498  0.428 0.232                                                        
205637 96/09/21 0.06674 2.52043  2.76063  0.507 0.304                                                        
208057 91/08/28 0.01394 2.63809  2.32760  0.244 0.349                                                        
208682 92/09/08 0.05098 2.43930  2.25004  0.340 0.359                                                        
209014 91/08/26 0.01700 2.51166  1.56150  0.416 0.473 284.36 419.77 0.044 -0.051 36.336-45.746        0.1365 -0.0698
209014 91/08/29 0.01840 2.42651  1.63590  0.295 0.457 295.28 425.32 0.030 -0.052 36.640-44.052        0.0856 -0.0862
209409 91/08/27 0.02642 2.42008  1.92672  0.769 0.405 262.43 362.54 0.041 -0.211 37.370-44.460        0.1177 -0.1406
209409 91/08/30 0.01936 2.62771  1.92373  0.614 0.405 246.29 362.67 0.048 -0.192 36.766-44.486        0.1405 -0.1338
209522 91/08/27 0.05604 2.22783  1.68766  0.311 0.447                                                        
210129 91/08/28 0.04463 2.14077  1.30483 -0.485 0.535 143.46 235.50 0.072  0.023 36.625-42.072 0.2069  
212076 91/08/27 0.37149 1.66977  2.53030  0.563 0.326  67.64 178.57 0.191  0.167 38.289-43.224 0.4895  
212076 91/08/31 0.31256 1.76218  2.44025  0.759 0.336  89.39 189.61 0.156  0.114 37.339-43.104 0.4279  
212076 92/09/02 0.04568 2.51368  3.30875  0.634 0.261  92.16 206.00 0.255  0.196 37.559-43.210 0.7916  
212076 92/09/07 0.04733 2.49568  3.28881  0.523 0.262  86.56 205.59 0.247  0.187 37.684-43.480 0.7660  
212076 96/09/21 0.13038 2.26255  2.73792  0.904 0.306 111.40 228.24 0.190  0.136 37.198-43.847 0.6223  
212076 97/09/13 0.06144 2.58557  3.45078  0.858 0.252 108.18 208.26 0.177  0.128 37.890-43.098 0.5191  
212571 91/08/26 0.06380 2.08436  6.73739  1.701 0.138 332.70 397.62 0.038 -0.100 36.092-43.964        0.0954 -0.2031
214168 92/09/07 0.11598 2.03394  2.53253  0.367 0.326                                                        
214748 91/08/26 0.03168 2.37320  1.40003  0.382 0.510 259.66        0.008 -0.034 38.522-42.595        0.0057 -0.0544
214748 91/08/29 0.05468 2.11558  1.24683  0.461 0.552 202.92 316.56 0.036  0.003 37.845-44.113 0.1110  
217050 92/09/04 0.06855 2.50905  2.83858  0.360 0.297 284.27 414.22 0.060 -0.618 34.086-44.081        0.2000 -0.6207
217891 91/08/26 0.04243 2.14110  1.49305  0.559 0.488  43.33 146.25 0.243  0.219 38.008-42.870 0.5650  
224544 99/09/24 0.05456 2.27018  1.74181  0.307 0.437                                                        
224559 92/09/03 0.01337 2.80318  2.65706  0.364 0.314 243.90 360.43 0.040 -0.038 34.851-44.425        0.1254 -0.0353
224559 99/09/26 0.02150 2.58136  2.71480  0.401 0.308 273.69 384.79 0.030 -0.035 35.652-44.597        0.0980 -0.0426
