  4180 92/09/03 1.219  93 0.512 1.462
  5394 92/09/05 1.554  97 0.752 1.462
  5394 99/09/16 1.182 109 0.748 1.438
  6811 92/09/03 1.063  56 0.323 1.412
 10516 92/09/03 1.639 123 0.586 1.527
 11606 99/09/26 0.651 217 0.571 1.441
 18552 92/09/05 1.522 110 0.379 1.461
 19243 99/09/27 1.032  82 0.768 1.436
 20336 92/09/03 1.366 117 0.552 1.395
 22192 92/09/05 1.453 108 0.156 2.264
 22192 95/02/06 1.349 113 0.282 1.832
 22192 99/09/16 1.370 103 0.144 2.332
 22780 92/09/05 1.356 124 0.384 1.421
 23480 91/08/28 3.531  86 0.427 1.416
 23480 92/01/19 9.783  74 0.433 1.403
 23552 92/09/08 1.021 101 0.373 1.429
 23630 91/08/28 2.689  66 0.374 1.404
 23630 92/01/19 0.909  88 0.328 1.443
 23862 91/08/27 1.939  83 0.415 1.520
 23862 92/01/20 1.317 103 0.411 1.507
 23862 92/09/03 1.770  86 0.439 1.486
 23862 99/09/16 1.433 120 0.563 1.480
 24534 99/09/21 1.041 103 0.726 1.399
 25940 95/02/06 0.933  79 0.538 1.426
 25940 99/09/16 0.880  80 0.548 1.424
 28497 90/02/03 1.569 149 0.533 1.462
 28497 91/08/26 0.543 169 0.569 1.384
 28497 92/01/17 1.125 108 0.528 1.388
 30076 90/02/04 1.097 121 0.555 1.437
 30076 92/01/18 1.254 100 0.604 1.447
 30076 96/09/21 1.490  89 0.615 1.422
 32343 95/02/06 1.079  57 0.508 1.368
 36576 95/02/06 0.872 132 0.615 1.412
 37202 99/09/16 4.525  96 0.447 1.487
 37490 90/02/03 0.727 169 0.403 1.564
 37490 92/01/18 0.912 153 0.474 1.529
 37795 92/01/16 1.017 103 0.369 1.440
 41335 90/02/04 1.377 140 0.612 1.485
 41335 92/01/17 1.337 134 0.631 1.485
 41335 92/01/20 1.359 150 0.508 1.344
 41335 96/03/06 1.176 148 0.631 1.492
 44458 90/02/02 1.194 114 0.640 1.476
 44458 92/01/18 1.714  91 0.677 1.436
 45725 90/02/06 1.425 120 0.155 2.175
 45725 92/01/16 1.563 117 0.296 1.789
 45725 96/03/08 1.385 128 0.306 1.784
 45995 95/02/06 1.344 111 0.602 1.429
 47054 90/02/04 0.808 115 0.330 1.450
 47054 92/01/18 0.877 116 0.330 1.451
 47054 96/03/08 0.840 119 0.373 1.436
 48917 90/02/03 0.989 120 0.557 1.440
 48917 92/01/19 1.050 116 0.590 1.448
 48917 96/03/08 1.636 104 0.638 1.450
 50013 90/02/02 1.677  69 0.650 1.439
 50013 92/01/15 0.952  99 0.759 1.451
 54309 90/02/06 1.491  99 0.512 1.502
 54309 92/01/15 0.849 106 0.575 1.427
 56139 90/02/03 1.389  55 0.537 1.492
 56139 92/01/15 1.360  55 0.469 1.469
 58050 95/02/06 1.274  88 0.637 1.456
 58050 96/02/21 0.899  80 0.686 1.407
 58343 90/02/04 0.801  33 0.508 1.262
 58343 92/01/19 1.057  38 0.508 1.429
 58978 92/01/17 2.267 134 0.589 1.413
 60606 90/02/06 1.189 109 0.474 1.518
 60606 92/01/20 1.550 107 0.531 1.532
 63462 90/02/02 0.952 171 0.673 1.418
 63462 92/01/16 1.383 158 0.681 1.421
 66194 90/02/07 1.959 118 0.483 1.423
 66194 92/01/20 1.029 168 0.526 1.475
 68980 90/02/03 1.093  67 0.508 1.601
 68980 92/01/15 1.435  61 1.017 1.493
 75311 90/02/03 7.092 111 0.479 1.379
 77320 90/02/07 2.231 124 0.492 1.402
 77320 92/01/18 1.201 155 0.492 1.444
 83953 90/02/02 7.883  87 0.461 1.410
 83953 92/01/17 1.737 115 0.424 1.450
 86612 90/02/03 1.273  97 0.588 1.453
 86612 92/01/15 1.524  97 0.569 1.499
 88661 90/02/06 1.461 120 0.667 1.494
 88661 92/01/17 1.482 105 0.691 1.490
 88661 96/03/06 1.191 101 0.648 1.463
 89080 92/01/20 0.869 139 0.266 1.569
 91120 92/01/18 1.338 128 0.288 1.441
 91465 90/02/02 1.237 120 0.471 1.525
 91465 92/01/15 1.370 121 0.505 1.491
 91465 96/03/06 1.148 104 0.522 1.454
105435 90/02/03 1.452  92 0.683 1.483
105435 91/08/27 1.565  91 0.724 1.456
105435 92/01/15 1.097 101 0.765 1.434
105435 96/03/06 1.189  94 0.695 1.466
105521 96/03/06 2.751  86 0.446 1.445
109387 95/02/07 0.887 142 0.402 1.489
109387 96/02/21 1.106 130 0.418 1.468
110432 90/02/02 1.432 108 0.799 1.479
110432 92/01/18 1.359 107 0.819 1.467
112091 90/02/02 0.958 112 0.442 1.469
113120 90/02/07 1.748 105 0.687 1.440
113120 92/01/20 2.358  92 0.660 1.491
124367 90/02/04 1.448 105 0.506 1.475
124367 91/08/27 1.536 104 0.506 1.466
124367 92/01/19 1.178 105 0.484 1.478
131492 90/02/06 0.848 167 0.522 1.428
131492 91/08/28 1.669 126 0.566 1.417
131492 92/01/19 1.174 109 0.615 1.406
135734 91/08/28 0.626 149 0.227 1.558
137387 91/08/29 1.912 119 0.315 1.555
148184 90/02/06 1.458  65 0.927 1.461
148184 91/08/29 1.497  59 1.073 1.443
148184 92/01/18 1.407  62 1.079 1.452
157042 91/08/30 1.455 126 0.563 1.444
158427 91/08/30 1.624 117 0.525 1.468
164284 91/08/26 1.983  93 0.633 1.569
164284 92/09/02 1.352 112 0.685 1.512
164284 96/09/22 1.193 110 0.582 1.478
164284 97/09/14 1.276 114 0.587 1.481
167128 91/08/29 1.582  93 0.353 1.535
173948 91/08/26 2.767 123 0.492 1.479
174237 92/09/04 0.383  64 0.508 1.088
178175 91/08/26 1.009  74 0.407 1.440
183914 92/09/06 0.618 136 0.311 1.415
184279 91/08/27 8.797 125 0.379 1.591
185037 92/09/04 2.102 117 0.373 1.384
187811 92/09/06 3.029 166 0.475 1.391
191610 92/09/04 1.403 122 0.495 1.425
192044 92/09/06 1.001 105 0.386 1.435
193911 92/09/07 2.059  72 0.405 1.428
200120 92/09/02 0.668 211 0.598 1.403
202904 92/09/02 1.127  86 0.654 1.439
203467 92/09/02 1.237  82 0.468 1.426
209014 91/08/26 1.069 143 0.311 1.521
209014 91/08/29 0.915 144 0.316 1.495
209409 91/08/27 1.414 112 0.192 1.816
209409 91/08/30 1.147 119 0.181 1.868
210129 91/08/28 1.178  81 0.359 1.464
212076 91/08/27 0.924  69 0.690 1.425
212076 91/08/31 0.986  71 0.609 1.444
212076 92/09/02 1.178  75 0.741 1.456
212076 92/09/07 1.101  76 0.735 1.454
212076 96/09/21 1.127  83 0.648 1.454
212076 97/09/13 1.152  73 0.683 1.441
212571 91/08/26 6.393  94 0.607 1.400
214748 91/08/29 0.753 123 0.319 1.452
217891 91/08/26 1.089  56 0.613 1.438
224559 92/09/03 1.000 117 0.453 1.440
224559 99/09/26 1.030 121 0.469 1.415
